Timestamp	ID	Payload	Payload Length	Type	Name
14.917129	7DF	02  01  00  00  00  00  00  00	8	S	
14.919958	7ED	06  41  00  80  00  00  01  AA	8	S	
14.921174	7EA	06  41  00  80  00  00  01  AA	8	S	
14.921496	7E8	06  41  00  BE  5F  A8  13  AA	8	S	

15.151402	7DF	02  01  00  00  00  00  00  00	8	S
----------------服务01（显示目前动力资料），00询问支持的PID(01~20)-------
----------------由于所有ecu都支持服务01，可以据此查看ecu数量----------------
15.156425	7ED	06  41  00  80  00  00  01  AA	8	S	
15.158722	7EA	06  41  00  80  00  00  01  AA	8	S	
15.158960	7E8	06  41  00  BE  5F  A8  13  AA	8	S
----------------支持的PID 1011 1110 0101 1111 1010 1000 0001 0011------------------------------------
----------------支持的PID 1,3,4,5,6,7,10,12,13,14,15~~~~------------------------------------

---------------------弹出ecu 选择画面 7ED 7E8 7EA-----------
---------------------选择ecu 7E8------------------------------
-------------------服务01（显示目前动力资料），00询问支持的PID(01~20)	
23.640040	7DF	02  01  00  00  00  00  00  00	8	S	
23.645244	7ED	06  41  00  80  00  00  01  AA	8	S	
23.646356	7EA	06  41  00  80  00  00  01  AA	8	S	
23.646832	7E8	06  41  00  BE  5F  A8  13  AA	8	S
	
23.720540	7DF	02  01  20  00  00  00  00  00	8	S	
----------------服务01（显示目前动力资料），20询问支持的PID(21~40)------------------------
23.726469	7ED	06  41  20  00  00  00  01  AA	8	S	
23.727619	7E8	06  41  20  A0  07  F0  11  AA	8	S	
23.727870	7EA	06  41  20  00  00  00  01  AA	8	S	
----------------服务01（显示目前动力资料），40询问支持的PID(41~60)------------------------	
23.798327	7DF	02  01  40  00  00  00  00  00	8	S	
23.800204	7ED	06  41  40  40  00  00  00  AA	8	S	
23.802541	7E8	06  41  40  FE  D0  80  11  AA	8	S	
23.802791	7EA	06  41  40  40  00  00  00  AA	8	S
----------------服务01（显示目前动力资料），60询问支持的PID(61~80)------------------------	
23.876373	7DF	02  01  60  00  00  00  00  00	8	S	
23.884227	7E8	06  41  60  E3  08  01  41  AA	8	S
----------------服务01（显示目前动力资料），80询问支持的PID(80~A0)------------------------	
23.958023	7DF	02  01  80  00  00  00  00  00	8	S	
23.965192	7E8	06  41  80  02  20  00  09  AA	8	S
----------------服务01（显示目前动力资料），A0询问支持的PID(A1~C0)------------------------	
24.037047	7DF	02  01  A0  00  00  00  00  00	8	S	
24.040091	7E8	06  41  A0  14  00  00  00  AA	8	S	
----------------服务01（显示目前动力资料），1C询问车辆使用的OBD标准------------------------
24.358164	7DF	02  01  1C  00  00  00  00  00	8	S	
24.365185	7E8	03  41  1C  29  AA  AA  AA  AA	8	S	
----------------服务01（显示目前动力资料），01询问车辆DTC状态------------------------
24.418590	7DF	02  01  01  00  00  00  00  00	8	S	
24.421665	7E8	06  41  01  00  07  E5  00  AA	8	S	
24.426928	7ED	06  41  01  00  04  00  00  AA	8	S	
24.427672	7EA	06  41  01  00  04  00  00  AA	8	S	
----------------服务01（显示目前动力资料），0C询问发动机速度------------------------
24.483993	7DF	02  01  0C  00  00  00  00  00	8	S	
24.490106	7E8	04  41  0C  00  00  AA  AA  AA	8	S
----------------服务01（显示目前动力资料），03询问燃油系统状态------------------------	
24.541644	7DF	02  01  03  00  00  00  00  00	8	S	
24.546743	7E8	04  41  03  00  00  AA  AA  AA	8	S	
----------------服务01（显示目前动力资料），13氧气传感器------------------------
24.601487	7DF	02  01  13  00  00  00  00  00	8	S	
24.608989	7E8	03  41  13  03  AA  AA  AA  AA	8	S

----------------点击服务09读取------------------------
----------------服务09（显示车辆信息），00询问支持的PID(01~20)------------------------	
29.656878	7DF	02  09  00  00  00  00  00  00	8	S	
29.658932	7E8	06  49  00  55  40  10  00  AA	8	S	
29.660200	7ED	06  49  00  14  40  00  00  AA	8	S	
29.665273	7EA	06  49  00  14  40  00  00  AA	8	S	
----------------服务09（显示车辆信息），02VIN------------------------	
29.717244	7DF	02  09  02  00  00  00  00  00	8	S	
29.721512	7E8	10  14  49  02  01  4C  53  47	8	S	
----------------7E8回复了首帧，诊断工具换ID为7E0进行首帧确认------------------------	
29.721818	7E0	30  00  00  00  00  00  00  00	8	S	
29.727647	7E8	21  5A  47  35  33  4C  35  4D	8	S	
29.733794	7E8	22  53  30  30  39  31  34  39	8	S	
----------------服务09（显示车辆信息），02校正ID------------------------	
29.786638	7DF	02  09  04  00  00  00  00  00	8	S	
-----------------7E0>7E8,7E2>7EA,7E5>7ED-----------------------------
-----------------有3个ecu发送了首帧，诊断工具依次响应流控帧-----------------------------
29.790057	7ED	10  73  49  04  07  38  34  38	8	S	
29.790291	7E8	10  B3  49  04  0B  31  32  37	8	S	
29.790544	7E5	30  00  00  00  00  00  00  00	8	S	
29.790778	7EA	10  63  49  04  06  32  34  30	8	S	
29.791658	7E0	30  00  00  00  00  00  00  00	8	S	
29.792348	7E2	30  00  00  00  00  00  00  00	8	S
------------------连续帧--------------	
29.795305	7ED	21  39  30  33  38  38  00  00	8	S	
29.796418	7EA	21  34  34  36  30  32  00  00	8	S	
29.796900	7E8	21  31  33  31  35  31  00  00	8	S	
29.800148	7ED	22  00  00  00  00  00  00  38	8	S	
29.802541	7E8	22  00  00  00  00  00  00  31	8	S	
29.802793	7EA	22  00  00  00  00  00  00  32	8	S	
29.807037	7ED	23  34  38  39  30  33  38  39	8	S	
29.808923	7E8	23  32  37  30  37  30  38  38	8	S	
29.809157	7EA	23  34  32  39  31  38  38  35	8	S	
29.810172	7ED	24  00  00  00  00  00  00  00	8	S	
29.815316	7E8	24  00  00  00  00  00  00  00	8	S	
29.815565	7EA	24  00  00  00  00  00  00  00	8	S	
29.815973	7ED	25  00  38  34  38  39  30  33	8	S	
29.820184	7ED	26  38  37  00  00  00  00  00	8	S	
29.821414	7EA	25  00  35  35  35  31  33  35	8	S	
29.821664	7E8	25  00  31  32  37  30  37  30	8	S	
29.826933	7ED	27  00  00  00  38  34  38  39	8	S	
29.827640	7E8	26  38  36  00  00  00  00  00	8	S	
29.827888	7EA	26  34  36  00  00  00  00  00	8	S	
29.831778	7ED	28  30  33  39  33  00  00  00	8	S	
29.833800	7E8	27  00  00  00  31  32  37  30	8	S	
29.834036	7EA	27  00  00  00  32  34  32  37	8	S	
29.835327	7ED	29  00  00  00  00  00  38  34	8	S	
29.840372	7E8	28  37  30  39  33  00  00  00	8	S	
29.840786	7EA	28  32  31  38  31  00  00  00	8	S	
29.841478	7ED	2A  38  39  30  33  39  34  00	8	S	
29.845327	7ED	2B  00  00  00  00  00  00  00	8	S	
29.846431	7EA	29  00  00  00  00  00  32  34	8	S	
29.846917	7E8	29  00  00  00  00  00  31  33	8	S	
29.850077	7ED	2C  38  34  38  39  30  33  39	8	S	
29.852538	7E8	2A  35  33  33  34  38  36  00	8	S	
29.853018	7EA	2A  32  37  34  34  38  32  00	8	S	
29.857179	7ED	2D  30  00  00  00  00  00  00	8	S	
29.858914	7E8	2B  00  00  00  00  00  00  00	8	S	
29.859167	7EA	2B  00  00  00  00  00  00  00	8	S	
29.860223	7ED	2E  00  00  38  34  38  39  30	8	S	
29.865260	7E8	2C  31  33  35  32  36  35  36	8	S	
29.865488	7EA	2C  32  34  32  39  31  38  38	8	S	
29.865902	7ED	2F  34  30  31  00  00  00  00	8	S	
29.869867	7ED	20  00  00  00  00  AA  AA  AA	8	S	
29.871435	7EA	2D  36  00  00  00  00  00  00	8	S	
29.871687	7E8	2D  32  00  00  00  00  00  00	8	S	
29.877620	7E8	2E  00  00  31  33  35  31  38	8	S	
29.877854	7EA	2E  00  00  AA  AA  AA  AA  AA	8	S	
29.884157	7E8	2F  39  37  36  00  00  00  00	8	S	

----------------服务09（显示车辆信息），02校正校正验证码CVN------------------------
29.889038	7DF	02  09  06  00  00  00  00  00	8	S	
29.890291	7E8	20  00  00  00  00  31  33  35	8	S	
29.895330	7ED	10  1F  49  06  07  00  00  F5	8	S	
29.895640	7E5	30  00  00  00  00  00  00  00	8	S	
29.896544	7EA	10  1B  49  06  06  00  00  A8	8	S	
29.897037	7E2	30  00  00  00  00  00  00  00	8	S	
29.897273	7E8	21  33  33  34  39  31  00  00	8	S	
29.900161	7ED	21  0E  00  00  84  01  00  00	8	S	
29.902546	7E8	22  00  00  00  00  00  00  31	8	S	
29.902786	7EA	21  D9  00  00  37  D8  00  00	8	S	
29.907247	7ED	22  58  DF  00  00  AC  7D  00	8	S	
29.908966	7E8	23  32  37  30  37  30  38  39	8	S	
29.909206	7EA	22  E3  89  00  00  58  BF  00	8	S	
29.910157	7ED	23  00  1E  D7  00  00  EB  67	8	S	
29.915300	7E8	24  00  00  00  00  00  00  00	8	S	
29.915538	7EA	23  00  28  33  00  00  DE  E9	8	S	
29.915944	7ED	24  00  00  2B  B8  AA  AA  AA	8	S	
29.921470	7E8	25  00  31  32  37  30  37  30	8	S	
29.927624	7E8	26  39  32  00  00  00  00  00	8	S	
29.933802	7E8	27  00  00  00  31  32  37  30	8	S	
29.940142	7E8	28  37  30  39  31  00  00  00	8	S	
29.946771	7E8	29  00  00  00  00  00  AA  AA	8	S	
----------------服务09（显示车辆信息），02火花塞点火发动机车辆的使用中性能跟踪------------------------
29.995293	7DF	02  09  08  00  00  00  00  00	8	S	
30.002605	7E8	10  3B  49  08  1C  04  04  06	8	S	
30.002913	7E0	30  00  00  00  00  00  00  00	8	S	
30.008965	7E8	21  FE  04  3E  04  04  00  00	8	S	
30.015299	7E8	22  00  00  04  5F  04  04  00	8	S	
30.021482	7E8	23  00  00  00  05  14  04  04	8	S	
30.027651	7E8	24  00  00  00  00  02  20  02	8	S	
30.033809	7E8	25  80  03  CC  04  04  00  00	8	S	
30.040164	7E8	26  00  00  00  00  00  00  00	8	S	
30.046511	7E8	27  00  00  00  03  02  04  04	8	S	
30.052562	7E8	28  00  00  00  00  AA  AA  AA	8	S
----------------服务09（显示车辆信息），02 ECU名称------------------------	
30.090659	7DF	02  09  0A  00  00  00  00  00	8	S	
30.095312	7ED	10  17  49  0A  01  42  53  43	8	S	
30.095614	7E5	30  00  00  00  00  00  00  00	8	S	
30.096468	7EA	10  17  49  0A  01  54  43  4D	8	S	
30.096971	7E2	30  00  00  00  00  00  00  00	8	S	
30.097203	7E8	10  17  49  0A  01  45  43  4D	8	S	
30.097505	7E0	30  00  00  00  00  00  00  00	8	S	
30.100149	7ED	21  4D  2D  42  72  61  6B  65	8	S	
30.102520	7E8	21  00  2D  45  6E  67  69  6E	8	S	
30.102750	7EA	21  00  2D  54  72  61  6E  73	8	S	
30.107039	7ED	22  53  79  73  74  65  6D  00	8	S	
30.108910	7E8	22  65  43  6F  6E  74  72  6F	8	S	
30.109136	7EA	22  6D  69  73  43  74  72  6C	8	S	
30.110160	7ED	23  00  00  00  AA  AA  AA  AA	8	S	
30.115281	7E8	23  6C  00  00  AA  AA  AA  AA	8	S	
30.115515	7EA	23  00  00  00  AA  AA  AA  AA	8	S	
